WindowConfig:
  StartWindowSize: [0.300000012, 0.300000012]
  EditorWindowSize: [0.625, 0.625]